 42, 64, 1 ,
 41, 32, 2 ,
 41, 32, 3 ,
 41, 16, 4 ,
 41, 16, 5 ,
 41, 16, 6 ,
 41, 16, 7 ,
 41, 8, 8 , 
 40, 1, 9 , 
 40, 160, 10
 40, 8, 11 ,
 40, 8, 12 ,
 40, 4, 13 ,
 40, 4, 14 ,
 41, 8, 15 ,
 41, 8, 16 ,
 40, 4, 17 ,
 40, 1, 51 ,
 40, 1, 52 ,
 40, 3, 53 ,
 40, 8, 54 ,
 40, 1, 55 ,
 40, 3, 56 ,
 40, 8, 57 ,
 40, 2, 101 
 40, 2, 102 
 40, 1, 103 
 41, 12, 104
 42, 16, 105
 40, 3, 106 
 40, 3, 107 
 40, 10, 108
 42, 16, 109
 42, 1, 110 
 42, 16, 111
 42, 1, 112 
 40, 4, 113 
 41, 1, 151 
 41, 1, 152 
 41, 4, 155 
 41, 5, 157 
 40, 1, 158 
 40, 1, 159 
 40, 1, 160 
 40, 1, 161 
 40, 1, 162 
 40, 25, 163
 40, 1, 164 
 41, 6, 165 
 41, 16, 201
 41, 16, 202
 41, 4, 203 
 41, 3, 204 
 41, 4, 205 
 41, 3, 206 
 41, 2, 207 
 41, 1, 208 
 41, 16, 209
 41, 4, 210 
 41, 3, 211 
 41, 2, 212 
 41, 1, 213 
 40, 1, 251 
 40, 1, 252 
 40, 1, 253 
 40, 1, 254 
 40, 3, 255 
 40, 1, 256 
 40, 2, 257 
 40, 8, 258 
 40, 1, 259 
40, 8, 260 
40, 8, 261 
40, 8, 262 
40, 8, 263 
41, 1, 264 
40, 1, 265 
40, 1, 266 
40, 1, 267 
40, 16, 268
41, 1, 269 
41, 1, 270 
40, 8, 301 
40, 16, 302
40, 16, 303
40, 4, 304 
40, 4, 305 
40, 32, 306
40, 32, 307
40, 1, 308 
41, 8, 309 
41, 8, 310 
41, 8, 311 
41, 8, 312 
41, 3, 313 
41, 1, 314 
41, 1, 315 
41, 8, 316 
41, 8, 317 
41, 1, 318 
41, 8, 319 
41, 8, 320 
41, 8, 321 
41, 8, 322 
41, 8, 323 
41, 8, 324 
41, 8, 325 
41, 8, 326 
41, 8, 327 
41, 2, 328 
40, 1, 329 
40, 8, 330 
42, 1, 351 
42, 2, 352 
42, 4, 353 
42, 1, 354 
42, 1, 355 
40, 8, 356 
42, 16, 357
42, 1, 358 
42, 4, 359 
42, 3, 360 
42, 3, 361 
42, 1, 362 
40, 1, 401 
42, 16, 402
42, 12, 403
42, 8, 404 
42, 9, 405 
42, 10, 406
40, 1, 407 
41, 8, 451 
41, 8, 452 
41, 64, 453
41, 64, 454
41, 16, 455
41, 16, 456
41, 4, 457 
41, 3, 458 
41, 4, 459 
41, 3, 460 
41, 4, 461 , 0 ,
41, 16, 462 , 0 
41, 8, 463 , 0 ,
41, 8, 464 , 0 ,
42, 10, 501 , 0 
42, 10, 502 , 0 
41, 8, 503 , 0 ,
42, 1, 504 , 0 ,
42, 1, 505 , 0 ,
42, 1, 506 , 0 ,
42, 1, 507 , 0 ,
42, 1, 508 , 0 ,
42, 1, 509 , 0 ,
42, 12, 510 , 0 
42, 3, 511 , 0 ,
42, 3, 512 , 0 ,
40, 7, 551 , 0 ,
40, 7, 552 , 0 ,
40, 8, 553 , 0 ,
40, 8, 554 , 0 ,
40, 16, 555 , 0 
40, 8, 557 , 0 ,
41, 64, 601 , 0 
41, 16, 651 , 0 
41, 16, 652 , 0 
41, 16, 653 , 0 
41, 16, 654 , 0 
41, 64, 701 , 0 
41, 64, 702 , 0 
41, 256, 703 , 0
41, 256, 704 , 0
41, 32, 705 , 0 
41, 8, 706 , 0 ,
41, 320, 707 , 6
41, 64, 708 , 0 
41, 32, 709 , 0 
41, 32, 710 , 0 
 1280, 1001 , 32
44, 1280, 1002 ,
44, 1280, 1003 ,
44, 1280, 1004 ,
44, 1280, 1005 ,
44, 1280, 1006 ,
44, 1280, 1007 ,
44, 1280, 1008 ,
 44, 1280, 1009 
 44, 1280, 1010 
 44, 1280, 1011 
 44, 1280, 1012 
 44, 1280, 1013 
 44, 1280, 1014 
 44, 1280, 1015 
 44, 1280, 1016 
 44, 1, 1017 , 0
 44, 8, 1018 , 0
 44, 4608, 1019 
 44, 4608, 1020 
 44, 4608, 1021 
 44, 1, 1022 , 0
 44, 32, 1023 , 